0	1.26482	0.000895866
1	1.26031	0.000826121
2	1.25412	0.000783437
3	1.23947	0.000747742
4	1.24114	0.000769119
5	1.21921	0.000728745
6	1.15777	0.000685728
7	1.24722	0.00072769
8	1.22263	0.000678213
9	1.25901	0.000698195
10	1.22072	0.000676849
11	1.25269	0.000685625
12	1.20809	0.000673379
13	1.25732	0.000709826
14	1.23974	0.000690054
15	1.23412	0.000762619
16	1.3285	0.000755113
17	1.3242	0.000696893
18	1.3171	0.00066194
19	1.30216	0.000631559
20	1.3046	0.000635034
21	1.28247	0.000612168
22	1.21745	0.000579102
23	1.31064	0.000611666
24	1.28574	0.000591311
25	1.32459	0.000592325
26	1.28293	0.000570372
27	1.31751	0.000590598
28	1.2707	0.00057274
29	1.32396	0.000577916
30	1.30186	0.00056663
31	1.29388	0.000701199
32	1.35017	0.000745443
33	1.34559	0.000655285
34	1.33777	0.000644456
35	1.32243	0.00061828
36	1.32501	0.000615628
37	1.30197	0.000585837
38	1.23601	0.000557568
39	1.33167	0.000596452
40	1.30435	0.000562584
41	1.34207	0.000565729
42	1.30297	0.000543939
43	1.33733	0.000560947
44	1.29236	0.00052896
45	1.34414	0.000545557
46	1.3197	0.000563559
47	1.3134	0.000677706
48	1.27846	0.000688748
49	1.27487	0.000624327
50	1.26684	0.000598029
51	1.25204	0.000584618
52	1.2561	0.000590447
53	1.23351	0.000562673
54	1.17028	0.000527429
55	1.26106	0.000567703
56	1.23533	0.000536299
57	1.27308	0.000546192
58	1.23373	0.000535347
59	1.26885	0.000527028
60	1.2225	0.000504267
61	1.27093	0.000540891
62	1.25083	0.000549741
63	1.24468	0.000634785
64	1.37917	0.000657794
65	1.37472	0.000597568
66	1.36594	0.000574388
67	1.35077	0.000565343
68	1.35371	0.000561169
69	1.33043	0.00053315
70	1.26301	0.000509618
71	1.36137	0.000546531
72	1.33308	0.00052483
73	1.37195	0.000529762
74	1.33047	0.00049493
75	1.36466	0.000508049
76	1.31651	0.000513539
77	1.37073	0.000530693
78	1.34774	0.000532377
79	1.34157	0.000624322
80	1.39037	0.000656871
81	1.38772	0.000587521
82	1.38106	0.000566275
83	1.36454	0.000557807
84	1.36762	0.000548229
85	1.34301	0.000526019
86	1.27519	0.000499418
87	1.37481	0.000539773
88	1.34534	0.000519918
89	1.38828	0.000502497
90	1.34597	0.000485744
91	1.3776	0.000515513
92	1.32887	0.000508593
93	1.38278	0.000521695
94	1.36113	0.00051696
95	1.35366	0.000612964
96	1.30013	0.000648299
97	1.29675	0.00057949
98	1.28931	0.00055322
99	1.273	0.000543002
100	1.27652	0.000533239
101	1.25407	0.00051987
102	1.1904	0.000491848
103	1.28409	0.000528522
104	1.25904	0.000484141
105	1.29527	0.000493335
106	1.25491	0.000500774
107	1.28867	0.000506667
108	1.24191	0.000500005
109	1.29282	0.000515758
110	1.27193	0.000504989
111	1.26471	0.00059937
112	1.37093	0.000681814
113	1.36522	0.000598829
114	1.358	0.000570462
115	1.34208	0.000548027
116	1.34575	0.000557171
117	1.32159	0.000530734
118	1.25557	0.000500421
119	1.35253	0.000542444
120	1.32589	0.000492727
121	1.36351	0.000528608
122	1.32322	0.000505579
123	1.35732	0.000520029
124	1.30943	0.000508201
125	1.36314	0.000525746
126	1.3398	0.000510819
127	1.33247	0.000630133
128	1.27588	0.000643956
129	1.27222	0.000552782
130	1.26392	0.000551495
131	1.2487	0.000526319
132	1.2505	0.000528151
133	1.22875	0.000506624
134	1.16755	0.000468154
135	1.25743	0.00051282
136	1.23177	0.000495124
137	1.26827	0.000499548
138	1.23023	0.000487712
139	1.26097	0.00049413
140	1.2171	0.000484701
141	1.26689	0.000508166
142	1.24572	0.000493262
143	1.23912	0.00059522
144	1.33836	0.000663849
145	1.33497	0.000561416
146	1.32899	0.000537775
147	1.31064	0.000536151
148	1.31386	0.000532735
149	1.29075	0.000513973
150	1.22665	0.000482738
151	1.32113	0.000526423
152	1.2948	0.000501132
153	1.33198	0.000505405
154	1.29259	0.000489266
155	1.32588	0.000505113
156	1.27949	0.000493242
157	1.3312	0.00051318
158	1.30939	0.000503732
159	1.30429	0.000599597
160	1.3707	0.000693258
161	1.36614	0.000616036
162	1.36052	0.00055766
163	1.34636	0.000535485
164	1.34688	0.000553244
165	1.32291	0.00052583
166	1.2556	0.000502474
167	1.35336	0.000535903
168	1.32538	0.000506684
169	1.36431	0.000524685
170	1.32406	0.000509114
171	1.3573	0.000508994
172	1.3109	0.000504532
173	1.36339	0.000514701
174	1.3411	0.000520202
175	1.33485	0.000611201
176	1.33286	0.000714469
177	1.32884	0.000637294
178	1.32207	0.000593077
179	1.30832	0.000533359
180	1.31216	0.000530852
181	1.28735	0.000530775
182	1.22185	0.000498863
183	1.31695	0.000540178
184	1.29019	0.000510113
185	1.32823	0.000519793
186	1.28766	0.000493358
187	1.32111	0.000517801
188	1.27431	0.000499267
189	1.32658	0.000522243
190	1.30514	0.000515052
191	1.2982	0.000617095
192	1.31989	0.000729476
193	1.31653	0.000640264
194	1.30824	0.000598233
195	1.29334	0.000570219
196	1.29825	0.0005368
197	1.27928	0.000519632
198	1.20997	0.000498092
199	1.3035	0.000537705
200	1.27716	0.000516662
201	1.31464	0.000531602
202	1.27473	0.000506759
203	1.30767	0.000520085
204	1.26151	0.000508206
205	1.31316	0.00052451
206	1.29139	0.000514922
207	1.28536	0.000609826
208	1.38003	0.000768679
209	1.37503	0.000688641
210	1.36769	0.000642057
211	1.35255	0.000616386
212	1.35612	0.000609808
213	1.33587	0.000543066
214	1.26636	0.000513279
215	1.36342	0.000573605
216	1.33455	0.000540504
217	1.37398	0.000553408
218	1.33182	0.000526239
219	1.3661	0.000551028
220	1.31936	0.000530573
221	1.37231	0.000550205
222	1.35038	0.000549838
223	1.34281	0.000652532
224	1.36852	0.000813709
225	1.36117	0.000742823
226	1.35293	0.000682579
227	1.33921	0.000644664
228	1.34272	0.000626677
229	1.31863	0.00060837
230	1.25311	0.000532907
231	1.35091	0.000575843
232	1.32062	0.000563436
233	1.35969	0.000574217
234	1.31824	0.000557158
235	1.35312	0.000571885
236	1.30494	0.00055341
237	1.35787	0.000587361
238	1.33646	0.000581208
239	1.33165	0.000687749
240	1.31582	0.000954363
241	1.31221	0.000857192
242	1.30291	0.000791504
243	1.28875	0.000742308
244	1.29171	0.000731539
245	1.26813	0.000691453
246	1.2034	0.000663507
247	1.30054	0.000666771
248	1.26921	0.000676944
249	1.3104	0.000674146
250	1.26998	0.000641021
251	1.30184	0.00065423
252	1.25723	0.00063203
253	1.30684	0.000678262
254	1.2844	0.000675916
255	1.27996	0.000762302
