0	0	0	15	88.572	28.3505	0.80812
1	0	1	14	68.2255	29.9568	0.847374
2	0	2	13	66.7845	30.2294	0.860008
3	0	3	12	70.0015	30.0657	0.8145
4	0	4	11	63.4005	29.4208	0.879631
5	0	5	10	61.4305	29.1622	0.888816
6	0	6	9	63.587	29.2987	0.829607
7	0	7	8	60.1835	28.981	0.875002
8	0	8	7	63.697	29.1839	0.812828
9	0	9	6	59.9455	29.1939	0.854386
10	0	10	5	58.9155	28.6743	0.876075
11	0	11	4	58.5595	28.6845	0.852134
12	0	12	3	59.116	28.8002	0.843395
13	0	13	2	58.88	28.961	0.88151
14	0	14	1	62.2905	29.1909	0.872041
15	0	15	0	59.448	26.3452	0.843199
16	0	16	71	69.988	25.3867	0.642462
17	0	17	70	75.584	23.8603	0.646172
18	0	18	69	69.6235	23.666	0.650008
19	0	19	68	68.771	23.4554	0.657846
20	0	20	67	72.7005	23.0072	0.656846
21	0	21	66	69.39	23.3046	0.66808
22	0	22	65	66.9385	23.1007	0.704115
23	0	23	64	71.297	22.9853	0.653518
24	0	24	72	70.398	23.2239	0.666992
25	0	25	73	73.4445	23.2903	0.647725
26	0	26	74	70.993	23.0344	0.668243
27	0	27	75	72.6955	23.4394	0.650972
28	0	28	76	72.5395	23.1261	0.675028
29	0	29	77	72.7075	23.5276	0.648246
30	0	30	78	70.459	23.2613	0.659373
31	0	31	79	73.922	24.3107	0.66144
32	1	0	16	66.633	39.2279	0.741402
33	1	1	17	69.9745	43.4634	0.690531
34	1	2	18	70.3555	43.8406	0.690916
35	1	3	19	68.7785	43.5587	0.690862
36	1	4	20	71.442	44.4122	0.667766
37	1	5	21	67.3535	45.2871	0.711114
38	1	6	22	68.4985	44.9804	0.695819
39	1	7	23	67.2535	44.6562	0.715506
40	1	8	24	66.7145	44.8786	0.724398
41	1	9	25	70.401	45.2727	0.700104
42	1	10	26	65.566	44.574	0.729454
43	1	11	27	66.8365	43.8937	0.723688
44	1	12	28	67.747	44.23	0.716781
45	1	13	29	67.347	43.6081	0.717783
46	1	14	30	71.226	43.8361	0.693182
47	1	15	31	73.98	41.7456	0.6849
48	1	16	95	70.596	38.8667	0.76382
49	1	17	94	65.7575	36.6759	0.789197
50	1	18	93	64.19	36.9093	0.796902
51	1	19	92	65.0555	36.5438	0.786106
52	1	20	91	65.288	36.2636	0.793007
53	1	21	90	66.8165	36.2706	0.769895
54	1	22	89	64.212	35.2628	0.809889
55	1	23	88	65.919	35.523	0.774912
56	1	24	80	65.82	34.1637	0.798983
57	1	25	81	64.2365	34.5933	0.807072
58	1	26	82	66.4355	34.0486	0.793762
59	1	27	83	66.71	34.1717	0.78037
60	1	28	84	63.816	34.9399	0.801171
61	1	29	85	65.062	35.1539	0.791958
62	1	30	86	68.105	35.309	0.765636
63	1	31	87	69.2585	36.0291	0.785455
64	2	0	47	92.887	50.8653	0.584984
65	2	1	46	85.783	53.0125	0.566549
66	2	2	45	81.8915	53.0699	0.593798
67	2	3	44	83.5635	53.8593	0.570007
68	2	4	43	81.8125	53.6755	0.58658
69	2	5	42	82.909	53.9782	0.575877
70	2	6	41	81.448	54.2752	0.596312
71	2	7	40	80.5565	54.8712	0.58202
72	2	8	39	79.4295	54.3526	0.582987
73	2	9	38	83.2555	54.7652	0.572099
74	2	10	37	81.6895	54.4203	0.583585
75	2	11	36	78.035	54.2076	0.602534
76	2	12	35	85.9585	53.9918	0.57711
77	2	13	34	83.593	53.5188	0.58112
78	2	14	33	83.4105	54.3573	0.577909
79	2	15	32	128.308	46.053	0.91763
80	2	16	103	76.2055	48.4995	0.605861
81	2	17	102	67.344	48.7237	0.593182
82	2	18	101	67.0625	48.2103	0.579948
83	2	19	100	65.0235	47.7745	0.598804
84	2	20	99	67.881	47.0314	0.591417
85	2	21	98	66.5455	46.9457	0.585623
86	2	22	97	66.9055	46.1165	0.586166
87	2	23	96	69.38	46.645	0.562872
88	2	24	104	68.414	45.3498	0.58494
89	2	25	105	68.9985	45.451	0.579546
90	2	26	106	65.195	44.7888	0.611854
91	2	27	107	70.6625	45.7742	0.561417
92	2	28	108	76.4665	46.2399	0.529972
93	2	29	109	70.8705	46.1145	0.569286
94	2	30	110	68.2985	45.9042	0.591381
95	2	31	111	74.8465	46.1442	0.572387
96	3	0	48	56.177	19.9281	0.807201
97	3	1	49	77.888	32.6117	1.4094
98	3	2	50	71.6955	12.1128	0.817975
99	3	3	51	71.1885	18.434	0.796711
100	3	4	52	75.6635	21.1547	0.788303
101	3	5	53	77.9065	13.5598	0.817808
102	3	6	54	79.3915	14.679	0.808551
103	3	7	55	82.1835	19.9834	0.764435
104	3	8	56	79.4225	17.5392	0.801976
105	3	9	57	81.4585	8.55297	0.781123
106	3	10	58	78.2855	20.3147	0.786864
107	3	11	59	75.317	20.1722	0.810409
108	3	12	60	77.153	18.6576	0.781995
109	3	13	61	76.407	24.7776	0.762087
110	3	14	62	81.428	18.8779	0.7888
111	3	15	63	77.121	32.4468	0.798532
112	3	16	127	82.4735	50.5865	0.714792
113	3	17	126	80.3895	53.5897	0.720808
114	3	18	125	88.16	16.2327	0.708531
115	3	19	124	80.5465	32.3006	0.704989
116	3	20	123	83.489	21.2739	0.706488
117	3	21	122	78.6175	24.9395	0.725148
118	3	22	121	83.765	21.8577	0.702041
119	3	23	120	87.371	24.8911	0.702244
120	3	24	112	85.0125	23.116	0.701847
121	3	25	113	85.817	23.6289	0.69839
122	3	26	114	75.9805	27.348	0.742319
123	3	27	115	78.49	22.8551	0.725238
124	3	28	116	81.0295	15.5213	0.727344
125	3	29	117	78.9445	26.1671	0.741908
126	3	30	118	85.299	24.7846	0.696161
127	3	31	119	86.267	24.2893	0.727387
