0	0	0	15	53.1432	-6.84413	0.785257
1	0	1	14	40.9353	1.19313	0.835639
2	0	2	13	40.0707	1.28792	0.848819
3	0	3	12	42.0009	0.835898	0.804517
4	0	4	11	38.0403	1.01203	0.86653
5	0	5	10	36.8583	0.485815	0.876004
6	0	6	9	38.1522	0.281128	0.81932
7	0	7	8	36.1101	0.000000015	0.863165
8	0	8	7	38.2182	-0.284322	0.803255
9	0	9	6	35.9673	-0.691094	0.843596
10	0	10	5	35.3493	-0.830047	0.865077
11	0	11	4	35.1357	-0.709181	0.841159
12	0	12	3	35.4696	-0.334952	0.832383
13	0	13	2	35.328	-0.059627	0.869815
14	0	14	1	37.3743	-0.568811	0.860715
15	0	15	0	35.6688	0.687154	0.829296
16	0	16	71	41.9928	1.79353	0.645401
17	0	17	70	45.3504	-0.765159	0.631742
18	0	18	69	41.7741	-1.34872	0.635886
19	0	19	68	41.2626	-1.52376	0.643668
20	0	20	67	43.6203	-1.56406	0.64218
21	0	21	66	41.634	-1.54343	0.653631
22	0	22	65	40.1631	-1.65777	0.688703
23	0	23	64	42.7782	-1.42487	0.639074
24	0	24	72	42.2388	-1.3037	0.651338
25	0	25	73	44.0667	-1.29303	0.632605
26	0	26	74	42.5958	-1.23454	0.6515
27	0	27	75	43.6173	-1.36128	0.636246
28	0	28	76	43.5237	-1.109	0.658854
29	0	29	77	43.6245	-1.38706	0.633579
30	0	30	78	42.2754	-1.27886	0.644159
31	0	31	79	44.3532	-5.63472	0.68241
32	1	0	16	39.9798	-0.290954	0.725723
33	1	1	17	41.9847	0.725169	0.700204
34	1	2	18	42.2133	-0.0899209	0.70132
35	1	3	19	41.2671	0.057323	0.701512
36	1	4	20	42.8652	-0.0471956	0.679303
37	1	5	21	40.4121	-0.526228	0.72325
38	1	6	22	41.0991	0.230939	0.708006
39	1	7	23	40.3521	0.000000015	0.727774
40	1	8	24	40.0287	0.34941	0.736632
41	1	9	25	42.2406	0.104603	0.712918
42	1	10	26	39.3396	0.256346	0.7417
43	1	11	27	40.1019	-0.344412	0.735528
44	1	12	28	40.6482	0.647289	0.728074
45	1	13	29	40.4082	0.145348	0.72869
46	1	14	30	42.7356	-0.133073	0.704924
47	1	15	31	44.388	7.30166	0.6897991
48	1	16	95	42.3576	-3.95858	0.796658
49	1	17	94	39.4545	-0.537165	0.790433
50	1	18	93	38.514	-0.381254	0.797971
51	1	19	92	39.0333	-0.876297	0.787456
52	1	20	91	39.1728	-0.538241	0.792797
53	1	21	90	40.0899	-0.671207	0.770386
54	1	22	89	38.5272	-0.709348	0.80897
55	1	23	88	39.5514	-0.55568	0.774107
56	1	24	80	39.492	-0.862491	0.796673
57	1	25	81	38.5419	-0.386852	0.804417
58	1	26	82	39.8613	-0.677842	0.79024
59	1	27	83	40.026	-0.830301	0.777453
60	1	28	84	38.2896	-0.721079	0.798855
61	1	29	85	39.0372	-0.605926	0.790201
62	1	30	86	40.863	-0.535404	0.764343
63	1	31	87	41.5551	-7.10085	0.82113
64	2	0	47	55.7322	-3.33773	0.579723
65	2	1	46	51.4698	-0.281945	0.576372
66	2	2	45	49.1349	-0.223159	0.603783
67	2	3	44	50.1381	-0.147486	0.581082
68	2	4	43	49.0875	-0.177045	0.597786
69	2	5	42	49.7454	-0.264042	0.587837
70	2	6	41	48.8688	-0.234332	0.608314
71	2	7	40	48.3339	0.000000015	0.594795
72	2	8	39	47.6577	-0.800973	0.595921
73	2	9	38	49.9533	0.043745	0.58497
74	2	10	37	49.0137	0.239848	0.595249
75	2	11	36	46.821	-0.100039	0.614275
76	2	12	35	51.5751	-0.0676903	0.588541
77	2	13	34	50.1558	0.274499	0.591735
78	2	14	33	50.0463	-0.0789085	0.589109
79	2	15	32	76.9848	0.183486	0.595213
80	2	16	103	45.7233	-0.24963	0.626664
81	2	17	102	40.4064	0.00448869	0.596665
82	2	18	101	40.2375	-0.30474	0.583409
83	2	19	100	39.0141	-0.0763085	0.600743
84	2	20	99	40.7286	-0.377779	0.592962
85	2	21	98	39.9273	-0.184867	0.586419
86	2	22	97	40.1433	-0.115824	0.586434
87	2	23	96	41.628	-0.46267	0.565361
88	2	24	104	41.0484	-0.502016	0.58384
89	2	25	105	41.3991	-0.456966	0.57842
90	2	26	106	39.117	-0.294231	0.609657
91	2	27	107	42.3975	-0.152699	0.560556
92	2	28	108	45.8799	-0.0317713	0.529847
93	2	29	109	42.5223	-0.37192	0.569087
94	2	30	110	40.9791	-0.28901	0.590891
95	2	31	111	44.9079	-3.04521	0.595513
96	3	0	48	33.7062	-16.1703	1.12869
97	3	1	49	46.7328	1.09706	0.623959
98	3	2	50	43.0173	-0.485287	0.807005
99	3	3	51	42.7131	-0.269816	0.790783
100	3	4	52	45.3981	-0.185877	0.784208
101	3	5	53	46.7439	0.195008	0.772415
102	3	6	54	47.6349	0.0863368	0.799331
103	3	7	55	49.3101	0.000000015	0.76012
104	3	8	56	47.6535	0.240091	0.796186
105	3	9	57	48.8751	-0.0433055	0.767061
106	3	10	58	46.9713	0.3658	0.781935
107	3	11	59	45.1902	0.263517	0.805895
108	3	12	60	46.2918	0.300196	0.776999
109	3	13	61	45.8442	0.537655	0.759024
110	3	14	62	48.8568	0.564407	0.779742
111	3	15	63	46.2726	-4.3924	0.788113
112	3	16	127	49.4841	0.763511	0.747765
113	3	17	126	48.2337	-1.52205	0.711346
114	3	18	125	52.896	-1.59662	0.687077
115	3	19	124	48.3279	-1.4775	0.698682
116	3	20	123	50.0934	-1.78102	0.69419
117	3	21	122	47.1705	-1.71262	0.715161
118	3	22	121	50.259	-1.81742	0.690497
119	3	23	120	52.4226	-1.1246	0.693082
120	3	24	112	51.0075	-2.3679	0.69219
121	3	25	113	51.4902	-1.27491	0.690187
122	3	26	114	45.5883	-1.53823	0.736226
123	3	27	115	47.094	-1.52691	0.714197
124	3	28	116	48.6177	-1.98351	0.71011
125	3	29	117	47.3667	-1.9677	0.73317
126	3	30	118	51.1794	-1.92572	0.686244
127	3	31	119	51.7602	0.74598	0.737613
