0	0	0	15	88.572	-6.84413	0.785257
1	0	1	14	68.2255	1.19313	0.835639
2	0	2	13	66.7845	1.28792	0.848819
3	0	3	12	70.0015	0.835898	0.804517
4	0	4	11	63.4005	1.01203	0.86653
5	0	5	10	61.4305	0.485815	0.876004
6	0	6	9	63.587	0.281128	0.81932
7	0	7	8	60.1835	0.000000015	0.863165
8	0	8	7	63.697	-0.284322	0.803255
9	0	9	6	59.9455	-0.691094	0.843596
10	0	10	5	58.9155	-0.830047	0.865077
11	0	11	4	58.5595	-0.709181	0.841159
12	0	12	3	59.116	-0.334952	0.832383
13	0	13	2	58.88	-0.059627	0.869815
14	0	14	1	62.2905	-0.568811	0.860715
15	0	15	0	59.448	0.687154	0.829296
16	0	16	71	69.988	1.79353	0.645401
17	0	17	70	75.584	-0.765159	0.631742
18	0	18	69	69.6235	-1.34872	0.635886
19	0	19	68	68.771	-1.52376	0.643668
20	0	20	67	72.7005	-1.56406	0.64218
21	0	21	66	69.39	-1.54343	0.653631
22	0	22	65	66.9385	-1.65777	0.688703
23	0	23	64	71.297	-1.42487	0.639074
24	0	24	72	70.398	-1.3037	0.651338
25	0	25	73	73.4445	-1.29303	0.632605
26	0	26	74	70.993	-1.23454	0.6515
27	0	27	75	72.6955	-1.36128	0.636246
28	0	28	76	72.5395	-1.109	0.658854
29	0	29	77	72.7075	-1.38706	0.633579
30	0	30	78	70.459	-1.27886	0.644159
31	0	31	79	73.922	-5.63472	0.68241
32	1	0	16	66.633	-0.290954	0.725723
33	1	1	17	69.9745	0.725169	0.700204
34	1	2	18	70.3555	-0.0899209	0.70132
35	1	3	19	68.7785	0.057323	0.701512
36	1	4	20	71.442	-0.0471956	0.679303
37	1	5	21	67.3535	-0.526228	0.72325
38	1	6	22	68.4985	0.230939	0.708006
39	1	7	23	67.2535	0.000000015	0.727774
40	1	8	24	66.7145	0.34941	0.736632
41	1	9	25	70.401	0.104603	0.712918
42	1	10	26	65.566	0.256346	0.7417
43	1	11	27	66.8365	-0.344412	0.735528
44	1	12	28	67.747	0.647289	0.728074
45	1	13	29	67.347	0.145348	0.72869
46	1	14	30	71.226	-0.133073	0.704924
47	1	15	31	73.98	7.30166	0.6897991
48	1	16	95	70.596	-3.95858	0.796658
49	1	17	94	65.7575	-0.537165	0.790433
50	1	18	93	64.19	-0.381254	0.797971
51	1	19	92	65.0555	-0.876297	0.787456
52	1	20	91	65.288	-0.538241	0.792797
53	1	21	90	66.8165	-0.671207	0.770386
54	1	22	89	64.212	-0.709348	0.80897
55	1	23	88	65.919	-0.55568	0.774107
56	1	24	80	65.82	-0.862491	0.796673
57	1	25	81	64.2365	-0.386852	0.804417
58	1	26	82	66.4355	-0.677842	0.79024
59	1	27	83	66.71	-0.830301	0.777453
60	1	28	84	63.816	-0.721079	0.798855
61	1	29	85	65.062	-0.605926	0.790201
62	1	30	86	68.105	-0.535404	0.764343
63	1	31	87	69.2585	-7.10085	0.82113
64	2	0	47	92.887	-3.33773	0.579723
65	2	1	46	85.783	-0.281945	0.576372
66	2	2	45	81.8915	-0.223159	0.603783
67	2	3	44	83.5635	-0.147486	0.581082
68	2	4	43	81.8125	-0.177045	0.597786
69	2	5	42	82.909	-0.264042	0.587837
70	2	6	41	81.448	-0.234332	0.608314
71	2	7	40	80.5565	0.000000015	0.594795
72	2	8	39	79.4295	-0.800973	0.595921
73	2	9	38	83.2555	0.043745	0.58497
74	2	10	37	81.6895	0.239848	0.595249
75	2	11	36	78.035	-0.100039	0.614275
76	2	12	35	85.9585	-0.0676903	0.588541
77	2	13	34	83.593	0.274499	0.591735
78	2	14	33	83.4105	-0.0789085	0.589109
79	2	15	32	128.308	0.183486	0.595213
80	2	16	103	76.2055	-0.24963	0.626664
81	2	17	102	67.344	0.00448869	0.596665
82	2	18	101	67.0625	-0.30474	0.583409
83	2	19	100	65.0235	-0.0763085	0.600743
84	2	20	99	67.881	-0.377779	0.592962
85	2	21	98	66.5455	-0.184867	0.586419
86	2	22	97	66.9055	-0.115824	0.586434
87	2	23	96	69.38	-0.46267	0.565361
88	2	24	104	68.414	-0.502016	0.58384
89	2	25	105	68.9985	-0.456966	0.57842
90	2	26	106	65.195	-0.294231	0.609657
91	2	27	107	70.6625	-0.152699	0.560556
92	2	28	108	76.4665	-0.0317713	0.529847
93	2	29	109	70.8705	-0.37192	0.569087
94	2	30	110	68.2985	-0.28901	0.590891
95	2	31	111	74.8465	-3.04521	0.595513
96	3	0	48	56.177	-16.1703	1.12869
97	3	1	49	77.888	1.09706	0.623959
98	3	2	50	71.6955	-0.485287	0.807005
99	3	3	51	71.1885	-0.269816	0.790783
100	3	4	52	75.6635	-0.185877	0.784208
101	3	5	53	77.9065	0.195008	0.772415
102	3	6	54	79.3915	0.0863368	0.799331
103	3	7	55	82.1835	0.000000015	0.76012
104	3	8	56	79.4225	0.240091	0.796186
105	3	9	57	81.4585	-0.0433055	0.767061
106	3	10	58	78.2855	0.3658	0.781935
107	3	11	59	75.317	0.263517	0.805895
108	3	12	60	77.153	0.300196	0.776999
109	3	13	61	76.407	0.537655	0.759024
110	3	14	62	81.428	0.564407	0.779742
111	3	15	63	77.121	-4.3924	0.788113
112	3	16	127	82.4735	0.763511	0.747765
113	3	17	126	80.3895	-1.52205	0.711346
114	3	18	125	88.16	-1.59662	0.687077
115	3	19	124	80.5465	-1.4775	0.698682
116	3	20	123	83.489	-1.78102	0.69419
117	3	21	122	78.6175	-1.71262	0.715161
118	3	22	121	83.765	-1.81742	0.690497
119	3	23	120	87.371	-1.1246	0.693082
120	3	24	112	85.0125	-2.3679	0.69219
121	3	25	113	85.817	-1.27491	0.690187
122	3	26	114	75.9805	-1.53823	0.736226
123	3	27	115	78.49	-1.52691	0.714197
124	3	28	116	81.0295	-1.98351	0.71011
125	3	29	117	78.9445	-1.9677	0.73317
126	3	30	118	85.299	-1.92572	0.686244
127	3	31	119	86.267	0.74598	0.737613
