beam_aida0_4013to4015.root	0	4013	4015
beam_aida2_4032to4035.root	2	4032	4035
beam_aida3_4036to4042.root	3	4036	4042
beam_aida4_4082to4092.root	4	4082	4092
beam_aida8_4094to4124.root	8	4094	4124
beam_aida10_4125to4153.root	10	4125	4153
beam_aida12_4154to4186.root	12	4154	4186
beam_aida14_4187to4219.root	14	4187	4219
beam_aida16_4220to4249.root	16	4220	4249
beam_aida21_4257to4289.root	21	4257	4289
beam_aida23_4290to4324.root	23	4290	4324
beam_aida25_4325to4332.root	25	4325	4332
beam_aida26_4333to4345.root	26	4333	4345
beam_aida27_4346to4362.root	27	4346	4362
beam_aida28_4363to4391.root	28	4363	4391
beam_aida30_4392to4416.root	30	4392	4416
beam_aida32_4417to4443.root	32	4417	4443
beam_aida34_4444to4471.root	34	4444	4471
beam_aida36_4472to4503.root	36	4472	4503
beam_aida38_4505to4533.root	38	4505	4533
beam_aida40_4533to4561.root	40	4533	4561
beam_aida42_4562to4572.root	42	4562	4572
beam_aida43_4573to4602.root	43	4573	4602
beam_aida49_4603to4610.root	49	4603	4610
beam_aida51_4611to4644.root	51	4611	4644
beam_aida54_4646to4679.root	54	4646	4679
beam_aida53_4646to4679.root	53	4646	4679
beam_aida56_4680to4710.root	56	4680	4710
beam_aida58_4711to4741.root	58	4711	4741
beam_aida60_4742to4773.root	60	4742	4773
beam_aida62_4774to4791.root	62	4774	4791
beam_aida63_4792to4799.root	63	4792	4799
beam_aida65_4800to4834.root	65	4800	4834
beam_aida71_4898to4902.root	71	4898	4902
beam_aida67_4835to4851.root	67	4835	4851
beam_aida77_4983to5003.root	77	4983	5003
beam_aida78_5004to5023.root	78	5004	5023
beam_aida68_4852to4886.root	68	4852	4886
beam_aida79_5024to5027.root	79	5024	5027
beam_aida80_5028to5064.root	80	5028	5064
beam_aida82_5065to5101.root	82	5065	5101
beam_aida84_5102to5134.root	84	5102	5134
beam_aida88_5168to5175.root	88	5168	5175
beam_aida86_5135to5167.root	86	5135	5167
beam_aida89_5176to5190.root	89	5176	5190
beam_aida90_5191to5227.root	90	5191	5227
beam_aida92_5228to5265.root	92	5228	5265
beam_aida94_5266to5306.root	94	5266	5306
beam_aida96_5307to5348.root	96	5307	5348
beam_aida98_5349to5394.root	98	5349	5394
beam_aida101_5395to5420.root	101	5395	5420
beam_aida103_5421to5444.root	103	5421	5444
beam_aida104_5445to5487.root	104	5445	5487
beam_aida106_5488to5529.root	106	5488	5529
beam_aida108_5530to5551.root	108	5530	5551
beam_aida110_5552to5594.root	110	5552	5594
beam_aida113_5595to5639.root	113	5595	5639
beam_aida116_5640to5679.root	116	5640	5679
beam_aida118_5680to5718.root	118	5680	5718
beam_aida120_5719to5754.root	120	5719	5754
beam_aida122_5755to5790.root	122	5755	5790
beam_aida124_5791to5828.root	124	5791	5828
beam_aida126_5829to5867.root	126	5829	5867
beam_aida131_5912to5951.root	131	5912	5951
beam_aida130_5912to5951.root	130	5912	5951
beam_aida128_5868to5911.root	128	5868	5911
beam_aida134_5970to5974.root	134	5970	5974
beam_aida132_5951to5968.root	132	5951	5968
beam_aida135_5975to6011.root	135	5975	6011
beam_aida137_6012to6053.root	137	6012	6053
beam_aida139_6054to6087.root	139	6054	6087
beam_aida141_6088to6126.root	141	6088	6126
beam_aida145_6173to6206.root	145	6173	6206
beam_aida143_6127to6172.root	143	6127	6172
beam_aida147_6207to6241.root	147	6207	6241
