FCN=493.96 FROM MINOS     STATUS=SUCCESSFUL    712 CALLS       20214 TOTAL
                     EDM=2.85521e-06    STRATEGY= 1      ERROR MATRIX ACCURATE 
  EXT PARAMETER                                   STEP         FIRST   
  NO.   NAME      VALUE            ERROR          SIZE      DERIVATIVE 
   1  p0           1.01091e+02   2.39747e+00   1.44809e-06   2.18905e-07
   2  p1           3.20652e+01   3.88245e-03   6.65879e-11   1.59147e-06
   3  p2           1.90591e-01   3.04056e-03  -1.26752e-09  -5.91644e-05
   4  p3           2.48695e+03   1.21850e+01   1.37995e-05   8.80164e-08
   5  p4           3.30760e+01   7.33226e-04  -1.80640e-10  -2.53268e-04
   6  p5           1.80064e-01   5.70598e-04  -4.33814e-10  -2.29079e-04
   7  p6           1.25641e+04   2.73814e+01  -1.05581e-06  -6.16231e-10
   8  p7           3.40777e+01   3.23020e-04  -1.39061e-10  -1.21925e-03
   9  p8           1.79978e-01   2.51306e-04   1.06244e-11  -1.34953e-04
  10  p9           2.21970e+04   3.62897e+01  -3.34770e-05  -3.67545e-08
  11  p10          3.50864e+01   2.44432e-04  -6.14455e-11  -1.31391e-03
  12  p11          1.81737e-01   1.91560e-04   3.31399e-11  -4.22888e-03
  13  p12          2.04795e+04   3.48662e+01   3.61626e-05   1.21632e-08
  14  p13          3.60903e+01   2.55588e-04  -2.97717e-11  -4.04318e-04
  15  p14          1.82243e-01   2.01475e-04  -2.59222e-10  -4.98855e-03
  16  p15          1.07156e+04   2.52068e+01  -6.85920e-06   9.23085e-09
  17  p16          3.70939e+01   3.57509e-04  -7.90350e-11  -2.31143e-04
  18  p17          1.83840e-01   2.85533e-04   2.09002e-10   2.57177e-03
  19  p18          4.58776e+03   1.66189e+01   3.65950e-06   2.19773e-08
  20  p19          3.80904e+01   5.57531e-04   2.72993e-11   1.21258e-04
  21  p20          1.84702e-01   4.60792e-04  -2.21877e-11   9.08848e-04
  22  p21          1.08162e+04   2.54962e+01  -1.25025e-05  -9.98903e-10
  23  p22          3.90939e+01   3.62232e-04  -1.69112e-10  -1.18790e-03
  24  p23          1.83463e-01   2.94500e-04   1.99740e-10   2.91611e-03
  25  p24          5.54457e+04   5.69797e+01  -5.08175e-05  -5.93393e-09
  26  p25          4.00836e+01   1.56384e-04  -1.40347e-11  -8.62027e-04
  27  p26          1.84539e-01   1.23016e-04   1.38211e-10   8.49543e-03
  28  p27          5.23762e+04   5.53455e+01  -2.65510e-06  -4.66636e-09
  29  p28          4.10810e+01   1.62656e-04  -7.89630e-11  -1.96445e-03
  30  p29          1.86285e-01   1.29818e-04  -4.15968e-11   8.49493e-04
  31  p30          2.12209e+04   3.53335e+01  -4.78210e-05   2.59096e-08
  32  p31          4.20780e+01   2.60137e-04   6.84485e-10   1.24216e-03
  33  p32          1.87602e-01   2.12216e-04   9.25194e-10   1.78873e-03
  34  p33          8.78845e+03   2.26332e+01   4.36508e-04   4.62084e-08
  35  p34          4.30731e+01   4.08633e-04  -8.21287e-09  -1.69230e-03
  36  p35          1.90105e-01   3.35554e-04  -1.36055e-08  -8.92695e-04
  37  p36          2.84910e+03   1.28843e+01  -1.90375e-03  -7.91961e-08
  38  p37          4.40696e+01   7.31994e-04   1.16094e-07  -6.26927e-04
  39  p38          1.92538e-01   6.13626e-04   1.98448e-07   1.49455e-03
  40  p39          1.40707e+03   8.95279e+00   1.07251e-02   6.35737e-08
  41  p40          4.50649e+01   1.03411e-03  -1.18370e-06  -6.38365e-04
  42  p41          1.94080e-01   8.45727e-04  -2.15722e-06   5.45701e-03
  43  p42          1.69175e+02   3.10425e+00  -2.48784e-02   1.83361e-06
  44  p43          4.60526e+01   3.15256e-03  -9.50439e-06  -2.40665e-02
  45  p44          1.97316e-01   2.61893e-03   2.61893e-03  -7.56411e-02
                               ERR DEF= 0.5
32.0652	0.190591	0.00304056
33.076	0.180064	0.000570598
34.0777	0.179978	0.000251306
35.0864	0.181737	0.00019156
36.0903	0.182243	0.000201475
37.0939	0.18384	0.000285533
38.0904	0.184702	0.000460792
39.0939	0.183463	0.0002945
40.0836	0.184539	0.000123016
41.081	0.186285	0.000129818
42.078	0.187602	0.000212216
43.0731	0.190105	0.000335554
44.0696	0.192538	0.000613626
45.0649	0.19408	0.000845727
46.0526	0.197316	0.00261893
