0	3.92922	0.9688	1.63532	0.00243574
1	5.36367	0.937465	1.38107	0.00205855
2	3.63849	0.929129	1.29889	0.00195392
3	4.12251	0.942893	1.20991	0.00184971
4	4.27124	0.933909	1.16261	0.00178434
5	3.81066	0.96349	1.12663	0.00174798
6	6.06537	0.913188	1.07078	0.00166402
7	5.45382	0.954715	1.05386	0.00165214
8	4.89265	0.928857	1.02186	0.00160164
9	6.29308	0.918149	1.01887	0.00160211
10	5.99443	0.933123	1.04323	0.00165065
11	5.09782	0.952713	1.01281	0.0015958
12	4.03297	0.927611	1.03324	0.00162044
13	4.44539	0.936933	1.05759	0.00166241
14	4.63628	0.969011	1.11081	0.00174013
15	3.50744	0.946248	1.18314	0.00189484
16	5.88184	0.903878	1.51819	0.00220582
17	10.1199	0.872218	1.20998	0.00176777
18	9.05568	0.865682	1.07969	0.00159644
19	9.86738	0.876851	1.04215	0.00155958
20	8.55126	0.871968	0.974147	0.00146907
21	9.45214	0.896383	0.949398	0.00144021
22	10.6433	0.852109	0.889781	0.00135953
23	11.0529	0.889873	0.852154	0.00131963
24	9.28144	0.867416	0.832221	0.00128546
25	10.096	0.856861	0.802581	0.0012451
26	11.4265	0.871139	0.857916	0.00133076
27	12.6473	0.883333	0.875721	0.0013539
28	9.4951	0.863561	0.857884	0.00132888
29	11.1102	0.870323	0.896353	0.00138518
30	11.8989	0.901246	0.940454	0.00145167
31	9.10149	0.87996	1.00065	0.00157576
32	10.4539	0.898882	1.38457	0.00202476
33	10.7966	0.873372	1.11566	0.0016349
34	11.7982	0.862659	1.02236	0.00151398
35	9.9308	0.877517	0.98224	0.00147854
36	9.08177	0.872528	0.898693	0.00136387
37	10.4894	0.896145	0.87469	0.00134479
38	10.7585	0.852311	0.824875	0.0012728
39	11.6371	0.890626	0.825534	0.00128274
40	12.9246	0.863381	0.809207	0.00126042
41	9.25951	0.859777	0.754241	0.00117435
42	10.9139	0.87198	0.778109	0.0012153
43	10.3173	0.888235	0.813089	0.00127056
44	10.8049	0.862893	0.793752	0.00124045
45	11.4632	0.872312	0.832596	0.00129601
46	11.9359	0.900638	0.871102	0.00135487
47	7.97537	0.883975	0.936738	0.00148717
48	6.51296	0.904024	1.29714	0.00192099
49	7.80343	0.875727	1.01197	0.0014968
50	9.13094	0.866206	0.938686	0.00140298
51	8.72124	0.879506	0.886286	0.00134228
52	10.3384	0.870312	0.850084	0.0012986
53	9.35113	0.896926	0.829718	0.00128529
54	11.0731	0.85206	0.787041	0.00122062
55	10.5658	0.89125	0.770103	0.00120685
56	10.5182	0.866655	0.77404	0.00121239
57	11.2346	0.854811	0.751839	0.00117851
58	11.1231	0.871597	0.736239	0.00116067
59	10.7508	0.886754	0.726565	0.00114308
60	12.4852	0.860323	0.736208	0.00115623
61	9.95639	0.873975	0.775794	0.0012138
62	11.4916	0.901613	0.802062	0.00125837
63	9.31532	0.879389	0.885659	0.00141939
64	6.43186	0.876189	1.28938	0.00189591
65	10.7403	0.845012	1.0158	0.00149756
66	9.24104	0.838004	0.913058	0.00136162
67	10.9112	0.848327	0.879217	0.00133197
68	10.7772	0.840916	0.829136	0.00127124
69	11.9537	0.865873	0.807425	0.00124929
70	10.3862	0.826366	0.751382	0.00116764
71	12.184	0.860449	0.760429	0.00119368
72	13.0135	0.835704	0.747572	0.00117644
73	12.2114	0.827918	0.732855	0.00115265
74	12.5803	0.841297	0.737447	0.00116277
75	11.8447	0.857921	0.704915	0.0011122
76	10.2087	0.835463	0.707194	0.00110974
77	12.2727	0.842606	0.754033	0.00118398
78	12.9231	0.869979	0.785502	0.00123507
79	10.3337	0.850101	0.875689	0.00140261
80	8.99215	0.931051	1.14512	0.00172907
81	13.4454	0.897845	0.926382	0.00140315
82	10.4096	0.893185	0.855633	0.00131581
83	12.4632	0.902078	0.796768	0.00123614
84	13.2543	0.8942	0.770139	0.0012059
85	11.7792	0.923004	0.745602	0.00118041
86	12.299	0.878469	0.726044	0.00114942
87	12.0968	0.918239	0.721475	0.00115127
88	13.5771	0.891448	0.704927	0.00112727
89	13.719	0.879938	0.699339	0.00111661
90	15.3665	0.893972	0.702449	0.00112671
91	13.9431	0.911426	0.706744	0.00113334
92	11.9564	0.888572	0.662242	0.00105913
93	10.6481	0.900804	0.691078	0.00110318
94	12.16	0.930218	0.736559	0.00117874
95	10.9246	0.90729	0.808658	0.00131567
96	8.07391	0.911395	1.12141	0.00169304
97	9.8878	0.882281	0.889939	0.00135157
98	10.2796	0.872568	0.821111	0.00126067
99	12.5683	0.882885	0.793369	0.00123199
100	11.4705	0.876226	0.752822	0.00117982
101	10.176	0.906279	0.737626	0.00116939
102	12.7792	0.857945	0.709386	0.00112554
103	12.4457	0.897215	0.70821	0.00112893
104	13.9486	0.870021	0.701814	0.00112122
105	12.8874	0.862467	0.692997	0.00110692
106	13.2676	0.878094	0.697064	0.00111624
107	14.7719	0.889896	0.699983	0.00112279
108	12.4853	0.8679	0.692637	0.00110611
109	10.6122	0.880873	0.679781	0.00108436
110	11.8987	0.909851	0.705624	0.0011279
111	11.8183	0.886323	0.805302	0.00131257
112	6.49678	0.937262	1.1298	0.00173184
113	9.82402	0.9074	0.872695	0.00134339
114	8.6222	0.900196	0.796157	0.00123853
115	9.0332	0.91236	0.761191	0.00119705
116	11.6134	0.900736	0.73383	0.00116116
117	11.1681	0.928713	0.722277	0.00115363
118	11.0104	0.884617	0.690941	0.00110427
119	12.8098	0.92142	0.691332	0.00111121
120	12.8773	0.895363	0.691761	0.00111007
121	12.6672	0.886244	0.687851	0.00110404
122	15.224	0.899339	0.680306	0.00109628
123	13.3712	0.917129	0.68557	0.00110563
124	12.5792	0.891809	0.684687	0.00110007
125	13.214	0.901796	0.693773	0.00111564
126	10.3661	0.936862	0.69097	0.00111262
127	10.1378	0.912431	0.763232	0.00125272
128	7.50336	0.948883	1.11374	0.00172882
129	8.89509	0.920047	0.8528	0.00132486
130	9.76787	0.908525	0.775632	0.00122017
131	10.5627	0.921261	0.756755	0.00119797
132	10.4831	0.914266	0.727794	0.00116061
133	10.6631	0.94169	0.720286	0.00115775
134	11.7297	0.895001	0.691731	0.00110786
135	11.0161	0.936657	0.659962	0.00106346
136	13.0695	0.907337	0.693504	0.00111776
137	13.914	0.89547	0.675651	0.00108877
138	13.1743	0.913066	0.684126	0.00110343
139	15.1336	0.926058	0.684687	0.00110723
140	13.0832	0.903371	0.672554	0.00108377
141	12.4664	0.914753	0.686941	0.00110907
142	11.7849	0.947215	0.708959	0.00114808
143	13.1709	0.919273	0.791162	0.00130699
144	7.10857	0.918944	1.1005	0.00170033
145	9.82928	0.888773	0.869088	0.0013492
146	9.68836	0.879407	0.793211	0.00124024
147	10.9292	0.890562	0.768615	0.00121812
148	10.9014	0.884055	0.742711	0.00117797
149	11.6778	0.908663	0.722389	0.00115811
150	12.0836	0.864867	0.672652	0.00107365
151	11.1483	0.905762	0.674413	0.00108407
152	14.891	0.875201	0.685138	0.00110092
153	13.5157	0.867774	0.67787	0.00108932
154	14.5038	0.880609	0.704057	0.00113132
155	14.9227	0.896131	0.692157	0.00111655
156	13.2008	0.873658	0.69541	0.00111775
157	13.0739	0.883744	0.699021	0.00112522
158	14.0596	0.912367	0.725991	0.00117023
159	12.1448	0.890311	0.809543	0.00133199
160	5.2424	0.958627	1.06231	0.00167222
161	9.42304	0.924745	0.854247	0.00134345
162	9.60208	0.914419	0.790125	0.00125418
163	9.87074	0.928009	0.738372	0.00117968
164	9.71809	0.92096	0.724263	0.00116138
165	9.57297	0.948984	0.680482	0.00109635
166	10.9052	0.901361	0.660445	0.00106212
167	12.3186	0.940544	0.686606	0.00111077
168	13.0416	0.912682	0.674868	0.00109039
169	13.2422	0.902513	0.668183	0.0010796
170	13.9728	0.918297	0.690476	0.00111779
171	13.1377	0.935816	0.690619	0.00111883
172	12.5399	0.909914	0.670602	0.00108482
173	12.584	0.920249	0.68697	0.00111374
174	12.4041	0.952907	0.715531	0.00116181
175	11.7422	0.926925	0.799309	0.00132382
176	6.59238	0.946594	1.09109	0.0017269
177	8.36632	0.917662	0.865681	0.00136797
178	8.49483	0.907861	0.819899	0.0013004
179	8.84823	0.92204	0.766361	0.00122494
180	9.69618	0.911869	0.709364	0.00113611
181	8.94216	0.94167	0.695051	0.00112023
182	10.9886	0.893448	0.68615	0.00110333
183	11.3879	0.933095	0.697555	0.00112674
184	12.0856	0.905781	0.69449	0.00112241
185	11.8306	0.896486	0.687901	0.00111047
186	13.0638	0.911258	0.692821	0.00112164
187	13.6571	0.925838	0.69034	0.00111881
188	10.9364	0.903517	0.691807	0.00111815
189	10.4398	0.915072	0.705682	0.00114355
190	11.4853	0.944253	0.732648	0.00119167
191	9.38343	0.921961	0.821662	0.00136046
192	6.81372	0.938345	1.126	0.00178111
193	10.8522	0.906636	0.899064	0.00142408
194	8.15012	0.900254	0.839027	0.00132893
195	9.14873	0.912508	0.768413	0.00122618
196	8.50632	0.905989	0.738043	0.00118553
197	10.4612	0.931347	0.755758	0.00122063
198	10.3053	0.885629	0.71921	0.00115589
199	10.9286	0.92639	0.718809	0.00116128
200	13.6763	0.895981	0.721264	0.00116441
201	11.271	0.889116	0.698974	0.00112736
202	13.9554	0.901441	0.708507	0.00114427
203	13.1858	0.918702	0.703667	0.00114134
204	12.2354	0.893237	0.697637	0.00112816
205	11.2106	0.905096	0.719614	0.00116379
206	11.4734	0.936703	0.75272	0.00122524
207	11.597	0.90989	0.821775	0.00135948
208	7.26828	0.936857	1.18034	0.00186723
209	9.68712	0.908812	0.943686	0.00150427
210	8.2584	0.902115	0.824633	0.00131711
211	7.20535	0.91538	0.799309	0.00127967
212	8.3168	0.906493	0.787637	0.00126481
213	10.8535	0.930457	0.763221	0.00123589
214	11.2978	0.884295	0.732371	0.00118012
215	8.87097	0.927811	0.738511	0.0011953
216	11.7546	0.898186	0.724815	0.00117115
217	11.4451	0.889147	0.707432	0.0011415
218	11.9206	0.905193	0.719713	0.00116546
219	11.6461	0.919656	0.72123	0.00116839
220	11.686	0.895459	0.716441	0.00115902
221	11.3936	0.904971	0.742491	0.00120507
222	10.7035	0.938073	0.7625	0.00124162
223	9.2603	0.91442	0.869374	0.00143774
224	7.53648	0.905514	1.28115	0.00201028
225	7.49523	0.880949	0.979172	0.00153597
226	8.86324	0.870704	0.887089	0.00140344
227	8.7146	0.88228	0.89373	0.00141449
228	9.67289	0.873633	0.844446	0.00135051
229	10.3616	0.899427	0.81314	0.00130796
230	10.6982	0.855579	0.775765	0.00124312
231	11.319	0.89361	0.773846	0.00124684
232	13.6671	0.865578	0.768738	0.00123595
233	10.0414	0.860834	0.743052	0.00119591
234	10.9586	0.874907	0.772283	0.00124337
235	12.3542	0.888631	0.762476	0.00123154
236	10.8509	0.866292	0.754059	0.00121581
237	11.8576	0.873468	0.782712	0.00126463
238	11.2895	0.905119	0.816645	0.00132266
239	10.1693	0.88159	0.915424	0.00150526
240	2.49496	0.898519	1.49195	0.00234174
241	4.97027	0.870072	1.22911	0.0019242
242	6.60248	0.859603	1.12286	0.00177922
243	7.24859	0.871818	1.06974	0.00170377
244	6.43257	0.864296	1.03809	0.00166412
245	7.94353	0.889219	0.97949	0.00158185
246	7.27169	0.846808	0.951315	0.00153642
247	7.37945	0.88603	0.920446	0.00149729
248	9.37316	0.856734	0.918238	0.00149132
249	9.35919	0.846551	0.920674	0.00149628
250	8.08012	0.865173	0.93329	0.00151805
251	10.6421	0.87528	0.925381	0.00151193
252	7.8904	0.855848	0.933901	0.00152073
253	9.71073	0.862016	0.956386	0.00155931
254	9.14798	0.893714	1.00011	0.00163165
255	7.78448	0.870362	1.10663	0.00182091
