0	16.5497	0.891162	4.51647	0.0066477	6486	12266.7
1	15.8346	0.890968	3.32736	0.00492402	6738	7127.74
2	10.9816	0.885475	3.16054	0.00472228	7274	7319.83
3	11.7092	0.898966	2.87113	0.0043561	7928	6976.74
4	14.3692	0.885759	2.73795	0.00416469	8536	7099.17
5	19.0171	0.89997	2.83368	0.00434217	8999	8473.55
6	18.0063	0.85845	2.55318	0.00392088	9392	7227.4
7	17.7129	0.897947	2.54058	0.00393375	9708	7677.35
8	18.6168	0.870167	2.47339	0.00382599	9863	7389.03
9	20.81	0.857505	2.4758	0.00383921	9916	7473.22
10	21.6754	0.869315	2.50202	0.00390297	9994	7920.59
11	17.1168	0.895237	2.47262	0.00384475	9893	7627.9
12	17.1677	0.871786	2.50237	0.00387741	9557	7241.72
13	17.4589	0.879137	2.55107	0.00395907	9306	7471.73
14	17.6406	0.91191	2.69977	0.00417953	8915	7954.63
15	28.7005	0.84043	3.21761	0.00502689	9121	11761
16	18.2957	0.855315	3.5539	0.00512345	6482	7290.78
17	10.0988	0.872152	1.22775	0.00179373	6889	968.199
18	9.16588	0.86544	1.08905	0.0016102	7587	895.418
19	9.91356	0.8767	1.05304	0.00157585	8083	933.085
20	8.62733	0.871855	0.977147	0.00147355	8723	899.83
21	9.63132	0.896152	0.951937	0.00144419	9238	960.352
22	10.8459	0.851756	0.895376	0.00136814	9627	901.663
23	11.0529	0.889873	0.852154	0.00131963	10168	941.46
24	9.32263	0.867321	0.833487	0.00128736	10244	884.335
25	10.2279	0.856536	0.809282	0.00125534	10282	849.209
26	11.786	0.870603	0.862202	0.00133758	10363	977.433
27	12.7751	0.883102	0.87958	0.00135984	10175	993.024
28	9.58161	0.863443	0.858793	0.00133034	9944	899.873
29	11.4335	0.869736	0.907032	0.00140177	9686	973.954
30	12.1419	0.900566	0.964955	0.00148923	9352	1073.99
31	24.5726	0.827035	2.25225	0.00350412	9638	6219.48
32	18.3838	0.857683	3.20496	0.00465887	7296	6970.63
33	10.8026	0.873365	1.11982	0.00164093	7671	920.978
34	12.0513	0.862232	1.03675	0.00153524	8198	896.404
35	9.94683	0.877465	0.983541	0.00148047	8876	936.677
36	9.25586	0.872229	0.902393	0.0013695	9493	887.078
37	10.4894	0.896145	0.87469	0.00134479	10166	960.346
38	10.7867	0.852314	0.826945	0.00127599	10491	893.353
39	11.7321	0.890421	0.830278	0.00129014	10766	960.247
40	12.9909	0.863318	0.813748	0.00126743	11009	962.306
41	9.31494	0.859649	0.758957	0.0011815	11087	832.05
42	10.8888	0.872001	0.780962	0.00121968	11094	897.491
43	10.3679	0.888157	0.816408	0.00127569	11036	977.696
44	10.8962	0.86274	0.797025	0.00124557	10912	913.465
45	11.4132	0.872308	0.839436	0.00130667	10553	966.786
46	12.2533	0.899878	0.897111	0.00139519	10298	1073.88
47	21.4505	0.833091	2.06143	0.00323243	10740	6158.46
48	19.1184	0.853586	3.04938	0.00447836	7851	7200.76
49	7.7828	0.875631	1.01971	0.0015082	8359	886.78
50	9.14581	0.866129	0.941405	0.00140701	8957	846.039
51	8.75596	0.879425	0.887449	0.00134399	9680	879.784
52	10.3699	0.870199	0.853662	0.00130403	10298	905.921
53	9.50355	0.896616	0.836126	0.00129517	10810	980.433
54	11.1223	0.852001	0.787851	0.00122191	11058	879.205
55	10.6049	0.891144	0.7734	0.00121202	11525	951.95
56	10.5548	0.866572	0.774765	0.00121346	11597	951.894
57	11.3434	0.854658	0.757443	0.00118734	11663	919.887
58	11.2989	0.871219	0.740123	0.00116663	11766	910.908
59	10.9686	0.88622	0.749295	0.00117881	11651	917.267
60	12.5737	0.860196	0.736925	0.00115741	11529	859.624
61	10.1235	0.873494	0.793948	0.00124192	11294	960.354
62	11.4821	0.901601	0.803337	0.00126037	11150	991.444
63	24.4041	0.82602	1.94754	0.0030786	11394	6096.13
64	18.3095	0.829568	2.91971	0.00426066	8247	6892.46
65	10.687	0.845064	1.01762	0.00150028	8703	927.999
66	9.24104	0.838004	0.913058	0.00136162	9316	839.621
67	11.1237	0.848036	0.881261	0.0013352	10020	911.185
68	11.0697	0.840435	0.835662	0.00128133	10641	917.273
69	12.2906	0.865302	0.813535	0.00125873	11159	971.281
70	10.7014	0.825961	0.767938	0.00119345	11476	895.733
71	12.1518	0.860478	0.761438	0.00119528	11840	957.781
72	13.089	0.835575	0.748942	0.00117864	11919	942.923
73	12.2836	0.827817	0.73346	0.00115365	11979	910.557
74	12.5884	0.841329	0.740662	0.00116773	12043	943.218
75	11.9066	0.857745	0.709133	0.00111879	12009	863.604
76	10.2975	0.835217	0.712867	0.00111855	11782	824.056
77	12.2727	0.842606	0.754033	0.00118398	11638	913.747
78	13.3481	0.869044	0.808596	0.00127143	11530	1052.58
79	25.297	0.797967	1.8618	0.00294075	11802	5841.42
80	16.9764	0.887751	2.65772	0.0039839	9034	7154.22
81	13.3181	0.898097	0.937951	0.00142068	9467	970.267
82	10.5377	0.892934	0.864443	0.00132952	10220	952.115
83	12.9095	0.901265	0.811082	0.00125835	10909	940.869
84	13.4875	0.893804	0.775873	0.00121495	11408	947.881
85	11.842	0.922901	0.748326	0.00118468	11922	977.566
86	12.7279	0.877862	0.729422	0.00115504	12049	930.69
87	12.3103	0.917981	0.724753	0.00115662	12364	991.475
88	13.6085	0.891435	0.706099	0.00112914	12480	957.116
89	14.1527	0.879165	0.711838	0.00113669	12501	966.289
90	15.4	0.893915	0.704217	0.0011296	12584	976.39
91	14.0452	0.911227	0.710016	0.00113857	12517	983.734
92	12.1459	0.888243	0.665309	0.00106406	12400	836.014
93	10.6448	0.900749	0.693908	0.00110767	12255	887.023
94	12.4776	0.929506	0.754356	0.00120717	12159	1053.81
95	23.2437	0.858015	1.77839	0.00285412	12330	6010.33
96	19.3051	0.863909	2.60816	0.00390392	9181	7026.53
97	10.0736	0.88188	0.8991	0.00136533	9635	911.214
98	10.5101	0.872216	0.824028	0.00126523	10361	874.078
99	12.6372	0.882806	0.797721	0.00123885	11061	933.746
100	11.6015	0.876048	0.754146	0.00118198	11548	905.477
101	10.176	0.906279	0.737626	0.00116939	12068	966.457
102	13.0202	0.857597	0.712775	0.00113096	12198	910.136
103	12.4885	0.897145	0.711146	0.0011335	12459	955.604
104	14.0136	0.869936	0.70578	0.00112757	12530	954.476
105	12.9183	0.862384	0.69519	0.00111049	12553	927.28
106	13.3685	0.877962	0.698292	0.00111827	12622	955.127
107	14.7916	0.889857	0.701767	0.00112572	12643	975.248
108	12.5403	0.867786	0.695785	0.00111114	12449	911.838
109	10.7695	0.88047	0.691119	0.0011023	12338	887.477
110	12.0686	0.909508	0.71507	0.00114311	12283	956.465
111	27.4464	0.829037	1.81308	0.00290506	12450	6303.56
112	18.7719	0.886693	2.60838	0.0039596	9245	7305.46
113	10.0398	0.907057	0.882152	0.00135791	9831	936.678
114	8.6506	0.900119	0.803087	0.0012493	10708	902.123
115	9.36845	0.911729	0.773771	0.00121683	11338	939.128
116	11.7753	0.900463	0.738963	0.00116922	11867	932.058
117	11.2899	0.928542	0.7253	0.00115857	12273	981.217
118	11.0402	0.884564	0.692267	0.00110646	12430	905.037
119	12.7695	0.921465	0.69349	0.00111462	12685	963.669
120	12.8961	0.895371	0.692931	0.00111195	12660	953.567
121	12.8388	0.886019	0.69043	0.00110828	12676	946.471
122	15.1945	0.899369	0.680949	0.00109734	12819	956.163
123	13.3814	0.917133	0.686222	0.00110668	12790	967.877
124	12.6565	0.891717	0.685936	0.00110212	12628	927.749
125	13.1554	0.901761	0.701736	0.00112846	12568	968.217
126	10.5928	0.936316	0.700123	0.00112727	12422	949.624
127	25.9786	0.851892	1.83439	0.00295741	12636	6713.45
128	18.3955	0.901492	2.46108	0.00378411	9349	6862.76
129	8.89096	0.919906	0.867868	0.00134833	9979	959.765
130	9.96312	0.907941	0.797243	0.00125399	10799	927.703
131	10.6192	0.921155	0.758949	0.00120146	11480	932.375
132	10.4927	0.914244	0.729408	0.00116325	11973	943.293
133	10.7495	0.941515	0.722263	0.00116093	12401	1003.25
134	11.9048	0.89469	0.694338	0.001112	12522	928.184
135	11.032	0.936585	0.661406	0.00106575	12712	885.937
136	13.0966	0.907244	0.696157	0.0011221	12771	988.982
137	14.0691	0.895243	0.678229	0.00109305	12757	935.633
138	13.2864	0.912932	0.685885	0.00110636	12812	968.666
139	15.1805	0.925867	0.691908	0.00111883	12849	1002.81
140	13.1488	0.903209	0.677257	0.00109145	12712	925.962
141	12.6109	0.914433	0.694091	0.00112058	12617	965.946
142	11.8985	0.946765	0.72607	0.00117561	12560	1057.84
143	29.1509	0.855708	1.8542	0.00300351	12708	7059.54
144	14.3702	0.878185	2.43367	0.00373217	9083	6518.31
145	9.79689	0.888751	0.879598	0.00136565	9776	962.59
146	9.90428	0.879151	0.79748	0.00124702	10633	895.063
147	10.9522	0.890501	0.769329	0.00121921	11318	944.134
148	10.9259	0.883879	0.750596	0.0011904	11867	968.548
149	11.723	0.908584	0.724028	0.00116075	12275	984.454
150	12.1517	0.864821	0.677418	0.00108128	12360	849.232
151	11.1483	0.905762	0.674413	0.00108407	12647	904.001
152	14.8948	0.875217	0.685831	0.00110203	12709	940.794
153	13.9497	0.867081	0.699269	0.00112368	12688	973.789
154	14.544	0.880393	0.710732	0.00114192	12724	1012.56
155	14.9826	0.895983	0.693374	0.0011184	12754	980.202
156	13.4069	0.873286	0.699966	0.00112513	12609	964.607
157	13.2417	0.883291	0.709664	0.00114227	12591	996.961
158	14.341	0.911776	0.738099	0.0011897	12417	1059.46
159	29.084	0.82896	1.81584	0.00293259	12594	6584.01
160	16.0477	0.906365	2.52687	0.003933	9139	7432.33
161	9.40777	0.924698	0.865093	0.00136044	9659	951.399
162	9.63118	0.914262	0.797859	0.00126643	10526	918.684
163	9.96214	0.9279	0.740061	0.00118244	11414	915.125
164	9.75118	0.920841	0.727247	0.00116611	11795	924.413
165	9.69371	0.948813	0.682963	0.00110049	12303	892.221
166	10.9965	0.901228	0.661488	0.00106385	12369	830.189
167	12.3226	0.940535	0.68787	0.00111284	12729	973.835
168	13.0757	0.912597	0.676979	0.00109378	12754	940.706
169	13.2631	0.902434	0.669437	0.00108158	12766	917.858
170	14.2214	0.917862	0.693072	0.00112194	12819	998.622
171	13.0907	0.935851	0.693771	0.00112397	12810	1004.17
172	12.5997	0.909711	0.676151	0.00109374	12711	932.718
173	12.6714	0.920026	0.693631	0.0011245	12584	972.365
174	12.4615	0.952544	0.730165	0.00118552	12427	1058.83
175	26.5639	0.866672	1.84446	0.00300042	12592	6947.72
176	20.0317	0.890763	2.54329	0.00397506	8745	7290.11
177	8.51564	0.917142	0.889207	0.00140511	9443	995.001
178	8.46428	0.907887	0.820892	0.001302	10170	927.732
179	8.94226	0.921897	0.770137	0.00123092	11024	937.576
180	9.81682	0.911696	0.711277	0.00113922	11625	864.494
181	8.94216	0.94167	0.695051	0.00112023	12098	896.835
182	11.0298	0.893398	0.686884	0.00110455	12298	892.349
183	11.6017	0.9328	0.701682	0.00113353	12562	982.9
184	12.5437	0.905316	0.80201	0.00129628	12593	1284.93
185	11.9316	0.896328	0.689726	0.00111344	12605	948.39
186	13.0708	0.911182	0.694677	0.0011246	12698	984.661
187	13.8212	0.925516	0.696903	0.00112945	12675	991.276
188	10.9115	0.903518	0.693114	0.00112028	12530	949.843
189	10.3869	0.915084	0.708815	0.00114866	12380	980.923
190	11.6194	0.943728	0.750153	0.00121994	12171	1080.79
191	28.3024	0.85417	1.90338	0.00308909	12398	7139.12
192	20.8434	0.880977	2.66187	0.00415767	8223	7349.81
193	10.9837	0.906199	0.9222	0.00146074	8955	1004.35
194	8.29446	0.899872	0.854891	0.00135397	9740	955.736
195	9.18887	0.912465	0.769452	0.00122787	10586	880.189
196	8.50632	0.905989	0.738043	0.00118553	11181	881.439
197	10.4835	0.931215	0.758617	0.00122512	11854	1046.43
198	10.3129	0.885566	0.72098	0.00115871	11986	934.229
199	10.9298	0.926364	0.719584	0.00116252	12376	1005.4
200	13.895	0.895531	0.726892	0.00117337	12400	1024.6
201	11.3024	0.889082	0.69957	0.00112835	12431	945.386
202	14.0264	0.901258	0.709968	0.00114647	12475	988.512
203	13.3946	0.918388	0.707755	0.00114801	12463	997.138
204	12.3791	0.893025	0.702687	0.00113638	12276	941.895
205	11.2596	0.904908	0.732218	0.00118414	12098	999.186
206	11.7104	0.936054	0.770948	0.00125477	11845	1096.27
207	31.3713	0.838989	1.98594	0.00321787	12055	7429.45
208	22.7432	0.876589	2.8354	0.00442803	7702	7715.36
209	9.69306	0.908554	0.966409	0.00154059	8239	1005.09
210	8.27982	0.902051	0.825679	0.00131873	9137	841.957
211	7.22044	0.915328	0.800263	0.00128117	9991	886.293
212	8.28216	0.906583	0.788826	0.00126666	10700	946.401
213	10.9564	0.930254	0.765363	0.00123935	11382	1006.76
214	11.3073	0.884252	0.73514	0.00118459	11574	924.623
215	8.87474	0.927805	0.739964	0.00119762	11969	1010.15
216	11.8153	0.898071	0.728985	0.001178	12075	990.355
217	11.4717	0.88908	0.707965	0.00114231	12150	934.482
218	11.9367	0.905153	0.721965	0.00116897	12216	993.407
219	11.7035	0.919512	0.724103	0.00117289	12195	999.561
220	11.756	0.89536	0.717077	0.0011601	11905	934.324
221	11.5241	0.904731	0.748991	0.00121566	11693	1000.69
222	11.0465	0.936985	0.792841	0.00129053	11408	1102.83
223	26.031	0.850942	2.01676	0.00327662	11473	7082.06
224	21.9689	0.847774	2.99455	0.00464293	6924	7538
225	7.55575	0.880582	1.00201	0.00157156	7462	936.385
226	8.86324	0.870704	0.887089	0.00140344	8306	841.207
227	8.90919	0.88183	0.907215	0.00143564	9143	988.651
228	9.68136	0.873491	0.852433	0.00136313	9893	989.292
229	10.3405	0.899439	0.813963	0.0013093	10588	1009.25
230	10.6699	0.855593	0.777522	0.00124595	10921	938.833
231	11.3546	0.893474	0.776251	0.00125061	11343	1012.5
232	13.6204	0.865659	0.770282	0.00123844	11503	1009.48
233	9.98495	0.860967	0.74482	0.00119868	11499	940.139
234	10.9524	0.874894	0.773071	0.00124463	11585	1028.3
235	12.5176	0.888363	0.766281	0.00123775	11541	1019.14
236	10.8843	0.86618	0.756101	0.00121905	11323	953.306
237	11.8875	0.873344	0.786565	0.0012708	11058	1003.12
238	11.448	0.904718	0.825522	0.00133692	10591	1061.06
239	27.7404	0.820069	1.99791	0.00322758	10747	6244.8
240	25.9905	0.800833	3.83295	0.00589079	6597	11183
241	15.8662	0.823392	2.71481	0.00420544	6842	5957.97
242	21.6523	0.803113	2.57851	0.00403016	7698	6317.31
243	23.6541	0.813294	2.43	0.00381374	8407	6386.62
244	23.3498	0.805	2.31779	0.00366	9115	6358.27
245	24.6281	0.827486	2.23602	0.00355261	9848	6771.97
246	24.508	0.783715	2.16358	0.00343201	10221	6460.76
247	25.8231	0.818225	2.15815	0.00344578	10782	7141.49
248	29.5587	0.787093	2.13092	0.00339457	10941	6972.14
249	27.0156	0.784213	2.05512	0.00328341	10995	6536.88
250	25.7738	0.802822	2.03573	0.00325312	10977	6473.9
251	26.6736	0.813063	2.07789	0.00333608	10963	6801.82
252	25.3153	0.793575	2.06331	0.00330065	10660	6325.6
253	27.7576	0.79709	2.13966	0.00342416	10320	6576.02
254	25.5346	0.831654	2.21788	0.00355762	9878	6817.58
255	34.1669	0.762592	2.79272	0.00445525	9932	10657.6
